pyvista_ndarray([[-25.,  25.,   0.],
                 [-25., -25.,   0.],
                 [-25.,  25.,  50.],
                 [-25., -25.,  50.],
                 [ 25.,  25.,   0.],
                 [ 25.,  25.,  50.],
                 [ 25., -25.,   0.],
                 [ 25., -25.,  50.]], dtype=float32)
self.vertices= [[-25.  25.   0.]
 [-25. -25.   0.]
 [-25.  25.  50.]
 [-25. -25.  50.]
 [ 25.  25.   0.]
 [ 25.  25.  50.]
 [ 25. -25.   0.]
 [ 25. -25.  50.]]
self.vertices= [[-25.  25.   0.]
 [-25. -25.   0.]
 [-25.  25.  50.]
 [-25. -25.  50.]
 [ 25.  25.   0.]
 [ 25.  25.  50.]
 [ 25. -25.   0.]
 [ 25. -25.  50.]]
[array([-7.49187734, 25.19014667, 11.24183636]),
 array([ -7.10740847, -24.80567781,  11.48870098]),
 array([-30.22241468,  24.94328205,  46.64672607]),
 array([-29.83794582, -25.05254243,  46.89359069]),
 array([  7.10740847,  24.80567781, -11.48870098]),
 array([-15.62312887,  24.55881319,  23.91618872]),
 array([  7.49187734, -25.19014667, -11.24183636]),
 array([-15.23866001, -25.4370113 ,  24.16305335])]
####################################
PCSA =  3477.1349856049187
pyvista_ndarray([[-25.,  25.,   0.],
                 [-25., -25.,   0.],
                 [-25.,  25.,  50.],
                 [-25., -25.,  50.],
                 [ 25.,  25.,   0.],
                 [ 25.,  25.,  50.],
                 [ 25., -25.,   0.],
                 [ 25., -25.,  50.]], dtype=float32)
self.vertices= [[-25.  25.   0.]
 [-25. -25.   0.]
 [-25.  25.  50.]
 [-25. -25.  50.]
 [ 25.  25.   0.]
 [ 25.  25.  50.]
 [ 25. -25.   0.]
 [ 25. -25.  50.]]
self.vertices= [[-25.  25.   0.]
 [-25. -25.   0.]
 [-25.  25.  50.]
 [-25. -25.  50.]
 [ 25.  25.   0.]
 [ 25.  25.  50.]
 [ 25. -25.   0.]
 [ 25. -25.  50.]]
[pyvista_ndarray([-25.        ,  24.997911  ,  -0.22845046], dtype=float32),
 pyvista_ndarray([-25.        , -24.997911  ,   0.22845046], dtype=float32),
 pyvista_ndarray([-25.        ,  24.541012  ,  -0.22427495], dtype=float32),
 pyvista_ndarray([-25.        , -25.454813  ,   0.23262598], dtype=float32),
 pyvista_ndarray([25.        , 24.997911  , -0.22845046], dtype=float32),
 pyvista_ndarray([25.        , 24.541012  , -0.22427495], dtype=float32),
 pyvista_ndarray([ 25.        , -24.997911  ,   0.22845046], dtype=float32),
 pyvista_ndarray([ 25.        , -25.454813  ,   0.23262598], dtype=float32)]
####################################
PCSA =  2522.7415625637113
self.vertices= [[-25.  25.   0.]
 [-25. -25.   0.]
 [-25.  25.  50.]
 [-25. -25.  50.]
 [ 25.  25.   0.]
 [ 25.  25.  50.]
 [ 25. -25.   0.]
 [ 25. -25.  50.]]
self.vertices= [[-25.  25.   0.]
 [-25. -25.   0.]
 [-25.  25.  50.]
 [-25. -25.  50.]
 [ 25.  25.   0.]
 [ 25.  25.  50.]
 [ 25. -25.   0.]
 [ 25. -25.  50.]]
[array([-7.49187734, 25.19014667, 11.24183636]),
 array([ -7.10740847, -24.80567781,  11.48870098]),
 array([-30.22241468,  24.94328205,  46.64672607]),
 array([-29.83794582, -25.05254243,  46.89359069]),
 array([  7.10740847,  24.80567781, -11.48870098]),
 array([-15.62312887,  24.55881319,  23.91618872]),
 array([  7.49187734, -25.19014667, -11.24183636]),
 array([-15.23866001, -25.4370113 ,  24.16305335])]
####################################
PCSA =  3477.1349856049187
